118.439
92.55
102.168
88.898
85.493
82.802
84.257
85.349
84.317
83.495
83.696
82.766
85.311
87.297
85.494
82.907
84.398
81.723
83.501
88.667
93.129
90.255
87.152
76.105
68.911
60.968
58.121
58.57
57.287
60.771
64.147
61.211
63.105
54.482
57.7
62.74
61.915
60.425
58.017
55.815
58.413
60.306
60.198
56.657
59.459
59.586
58.077
59.244
60.552
63.458
66.977
74.958
80.42
86.667
92.343
79.336
70.243
63.513
65.541
66.595
71.108
75.609
81.872
90.061
95.985
97.149
95.986
88.553
86.023
88.06
85.898
79.427
64.6
58.806
49.85
49.848
60.414
73.647
87.878
92.819
94.398
95.024
86.084
89.32
95.088
102.887
96.204
84.082
72.325
53.939
44.042
47.244
54.919
66.397
77.704
84.144
82.835
77.283
74.363
75.024
77.016
79.224
77.067
71.623
63.68
66.183
68.669
76.803
81.088
85.869
81.391
75.871
69.179
73.616
73.916
87.408
122.568
120.345
109.836
94.623
85.419
79.451
73.811
69.518
62.166
59.183
61.178
63.124
68.801
74.956
73.741
70.887
66.106
61.301
62.447
66.43
66.115
69.423
69.913
69.283
66.611
65.698
60.898
54.422
52.522
47.697
49.447
51.292
50.455
49.664
51.814
50.33
55.273
57.158
58.471
60.956
61.142
65.743
62.268
60.073
58.534
55.719
53.799
57.85
59.106
61.935
69.304
79.289
88.876
92.783
95.363
94.469
87.7
88.51
97.562
97.562
106.601
110.258
112.1
104.128
84.133
68.131
57.115
46.425
47.71
50.855
55.715
65.186
79.03
90.953
95.638
74.534
61.681
56.95
58.099
60.606
63.963
67.625
73.272
76.418
73.595
71.789
66.261
66.621
60.802
58.173
60.075
64.145
66.009
64.883
63.606
61.526
61.163
57.268
61.245
60.758
58.844
62.816
68.881
75.51
83.396
80.594
81.894
78.444
64.898
59.734
52.386
50.751
50.034
56.46
63.25
69.671
76.313
79.579
81.01
80.243
79.301
82.884
90.179
94.523
101.324
103.582
103.582
104.803
104.224
101.678
97.407
92.733
83.768
77.536
69.255
67.651
61.798
65.298
70.602
74.65
82.586
85.453
87.75
80.848
74.017
66.265
61.466
59.274
64.14
68.186
67.541
75.398
78.406
77.553
80.089
79.586
77.446
73.11
70.966
72.519
74.218
74.141
73.672
71.336
74.053
77.997
78.993
82.324
86.724
91.378
93.209
99.065
100.457
93.08
84.469
78.955
74.66
74.66
72.493
71.798
68.403
65.671
61.233
56.061
55.568
51.105
48.131
52.326
53.823
56.018
56.541
54.188
54.345
54.682
58.663
64.45
63.074
62.461
61.969
62.436
74.047
84.98
95.575
96.582
89.201
77.631
67.782
60.967
58.641
56.283
52.97
53.057
52.373
53.622
56.168
58.593
59.201
63.468
64.174
65.156
68.686
69.944
69.911
75.088
79.094
76.407
76.877
79.285
84.41
90.404
94.686
94.686
93.268
83.245
66.187
51.12
37.073
26.393
22.444
23.628
25.698
38.392
54.121
64.146
74.567
79.038
83.075
86.756
89.346
85.942
86.528
91.581
104.216
103.144
99.94
95.45
81.581
76.264
75.003
74.701
77.666
75.264
72.4
70.61
57.971
46.746
43.446
42.124
46.923
64.814
79.274
88.073
91.345
91.434
88.002
85.405
84.348
89.329
85.469
84.193
89.404
89.947
97.878
106.475
110.121
111.355
104.598
101.945
96.726
93.814
88.686
88.001
85.241
80.347
81.821
79.776
75.107
88.53
82.132
79.53
81.196
81.671
81.994
77.9
77.672
78.003
79.786
85.068
90.082
90.381
90.296
85.317
84.741
81.491
85.146
83.997
84.214
80.845
84.819
85.426
90.567
99.422
56.187
35.522
23.688
21.307
26.405
27.73
28.403
30.292
30.956
33.036
33.698
29.775
24.094
18.243
13.893
16.598
20.988
27.037
37.72
43.204
51.049
57.093
61.927
65.863
68.904
74.014
86.503
109.964
149.908
174.17
184.021
179.777
158.331
127.469
98.578
78.954
67.026
59.712
62.048
73.528
83.486
82.963
78.22
65.966
46.376
32.286
31.293
36.538
50.142
58.872
62.932
67.306
67.731
78.049
75.925
77.553
71.921
61.939
51.987
41.019
34.314
36.958
40.572