76.34
83.74
83.19
80.44
75.42
71.5
69.63
70.01
67.56
67.33
64.77
64.8
66.25
66.55
66.13
65.54
63.07
59.71
57.86
54.8
51.8
52.62
53.66
55.79
58.54
60.95
66.56
70.88
71.57
72.53
67.99
60.31
55.52
56.07
62.67
66.9
68.54
68.7
63.2
60.33
58.16
52.61
45.72
35.92
26.62
24.14
24.36
23.28
25.7
28.2
28.35
31.71
35.52
39.11
44.57
54.42
61.72
66.81
74.17
82.18
85.67
87.06
84.2
83.45
90.42
100.83
108.34
107.75
92.63
70.46
55.67
49.35
46.82
48.11
51.66
49.73
51.46
54.67
56.96
58.67
61.19
60.77
60.99
63.65
66.98
68.44
71.39
73.08
71.86
71.83
70.27
69.65
66.78
64.06
60.24
58.25
56.79
58
60.75
64.48
65.37
65.84
67.38
67.07
65.28
65.26
63.4
64.1
66.77
69.72
71
69.77
64.39
60.94
56.89
54.2
53.14
52.7
51.93
56.1
61.49
68.77
78.57
85.47
88.63
88.97
84.66
76.48
69.35
63.07
59.01
59.94
61.89
63.84
65.13
65.86
64.98
63.13
61.3
59.07
54.86
52.06
50.25
49.94
49.52
50.38
51.74
54.38
57.35
60.11
60.58
62.39
64.39
63.97
58.9
49.15
37.28
37.28
24.56
18.18
15.89
15.67
15.77
14.62
13.92
14
15.63
18.49
23.27
29.04
33.5
35.92
37.3
37.93
37.01
34.72
33.39
32.48
30.69
30.51
29.42
30.47
32.09
32.14
32.99
31.58
29.07
29.97
37.44
52.59
68.18
80.25
86.51
86.09
86.09
83.41
84.51
85.03
87.36
85.73
80.2
76.12
74.5
73.97
71.24
66.7
66.7
59.42
49
39.46
32.31
26.09
22.37
19.97
18.36
16.5
14.84
15.72
17.86
19.9
22.42
22.62
20.93
19.85
18.3
19.39
24.34
29.67
33.9
39.83
44.94
48.55
57.21
60.19
60.63
64.74
72.79
78.41
83.39
82.25
75.88
72.24
67.99
65.41
64.93
61.87
59.81
60.59
65.68
73.12
77.69
77.23
72.51
59.53
59.53
46.1
34.9
27.06
23.8
23.73
25.3
30.73
40.11
51.02
59.94
66.64
67.56
64.7
62.96
63.92
66.19
67.73
69.53
69.57
66.4
63.73
61.19
61.34
63.16
67.6
72.68
76.58
76.67
72.12
60.07
48.91
39.4
33.8
34.66
36.28
34.45
30.67
26.59
23.77
25.2
29.99
37.46
47.6
57.5
68.77
80.03
84.28
85.4
88.92
89.45
90.91
97.24
100.16
100.42
94.18
94.18
81.3
64.21
48.35
36.53
33.58
34.97
37.31
38.17
38.05
35.15
32.92
30.87
30.25
31.22
34.06
35.49
36.73
37.54
35.97
35.91
36.21
34.79
34.92
35.83
35.65
37.74
41.79
46.41
51.44
54.21
52.96
50.39
50
60.82
99.31
166.94
235.25
285.47
305.87
291.37
252.41
208.53
169.07
136.52
108.53
89.16
80.39
78.07
76.31
72.35
74.77
75.05
71.98
71.05
68.96
64.84
65.22
66.6
68.59
73.44
76.76
78.76
80.33
77.14
71.91
68.44
64.99
64.47
64.96
66.29
67.6
67.43
68.87
73.88
77.89
83.49
87.98
86.45
86.29
82.18
77.07
72.45
63.1
49.23
37.7
26.37
19.57
17.32
17.09
19.53
25.62
33.05
42.69
47.37
47.9
45.19
40.54
38.91
39.62
38.84
37.8
35.03
33.44
36.21
40.89
43.3
43.27
38.84
35.26
31.52
34.32
37.35
39.69
43.08
46.27
47.77
49.96
51.09
50.21
50.4
50.99
49.18
48.64
47.11
48.61
55.32
60.5
69.16
77.53
76.88
70.4
63.2
53.89
56.2
78.23
112.92
144.15
157.21
152.6
140.93
122.45
110.67
108.85
105.74
100.04
92.64
80.47
66.94
54.06
47.87
49.34
59.88