63.5
80.875
87.813
86.75
79.438
77.5
72.75
76.563
79.625
74.25
71
67.438
70
66.438
67.25
71.563
70.125
69.25
65.625
53.125
40.25
33.625
35.063
35.844
39.594
39.969
40.688
39.875
46.813
51.281
67.188
71.563
75.375
75.813
79.375
79.438
64.438
49.438
41.031
40.906
43.156
51.344
56.75
65.5
74.813
92.188
104.063
103.563
99.188
90.375
82.063
79.375
76.313
80.063
76.063
65.25
44.719
36.531
34.656
45.281
50.063
54.719
58.5
59.563
58.281
47.875
44.156
38.875
39.938
40.25
44.219
40.563
37.125
33.594
43.406
43.594
45.563
43.969
47.719
46.125
43.219
38.313
40
36.656
39.063
39.063
38.375
41.75
43.844
47.469
48.469
45.875
47
50.469
53.844
55.313
60.563
67.75
72.313
73.313
73.375
70.063
70.063
64.313
60.75
55.25
55.156
55.156
52.25
57.844
61.844
70.188
71.938
74.563
72.688
77.438
80.813
82.875
80.813
71.75
64.313
60.563
65.688
59.125
57.563
54.156
60.719
64
68.063
66.688
65.125
61.375
62.125
67.438
65.313
60.219
46.75
38.688
26.547
21.375
23.234
29.125
32.938
33.094
27.703
27.672
28.172
32.469
37.656
43.531
51.219
60.719
63.031
65.125
57.625
60.281
75.125
97.313
100.375
89.25
72.063
72.625
73.813
78
96.813
145.75
207.125
221.125
183.375
124.438
93.438
81.625
78.813
74.5
75.563
69.438
63.063
67.5
64.938
60.281
48.844
39.156
31.453
27.031
31.453
37.844
43.313
41.906
35.063
32.531
30.906
32.188
34.281
40.844
52.75
68.125
96.063
119.438
131.875
124.563
100.625
83.313
72.563
93.125
117.75
131.875
124.25
106.25
87.875
74.938
67.625
72.313
70.5
70.188
66.25
66.813
66.875
71.438
83.688
85
85
79.313
60.906
47
31.391
26.578
24.75
28.094
34.656
39.969
41.5
33.5
32.625
36.531
43.281
53.813
61.281
69.5
66.563
69.688
74.938
82.188
76.125
69.875
65.438
68.938
70.875
75.375
76.938
82.188
81.688
49.438
34.375
32
31.516
38.531
50.094
58.25
62.125
59.281
59.5
51.375
46.906
43.938
49.906
53.406
33.906
31.109
33.719
45.875
57.125
66.813
76.938
93.313
110.313
113.875
118.438
115.563
94.75
74.563
54.875
52.281
48.125
49.406
42.688
41.438
37.219
38.656
43
42.531
41.188
38.25
39.219
40.938
38
37.938
35.156
36.094
37.063
41
42.031
43.344
40.906
40.531
39.5
42.281
46.063
47.063
45.719
42.406
41.594
44.531
49.25
59.594
74
127.5
185.25
222.5
74
127.5
185.25
222.5
202.625
177.5
174.75
184.125
184.125
178.625
154.75
128
110
99.688
100.875
94.375
86.438
74.563
63.094
60.938
62.344
63.938
65.688
67.313
74.688
75.813
70.25
68.625
69.313
73.813
70.625
62.188
68.75
70.563
68.813
63.063
70
77.625
79.125
78.625
77.938
61.438
50.313
31.828
22.641
15.867
14.469
14.492
18.297
26.609
36.469
37
33.375
28.922
27.438
26.953
30.734
32.219
37.688
35.844
42.156
42.094
49.719
46.219
42.313
36.031
32.594
37.094
40.031
42.5
39.719
38.844
41.719
44.75
46.469
51
55.563
58.313
55.344
53.313
49.594
46.719
44.563
49.719
51.469
50.031
50