77.45
78.26
79.05
86.1
74.58
73.97
73.72
75.65
73.79
76.89
76.11
74.95
71.87
83.42
90.1
78.15
69.3
63.54
63.87
58.32
56.61
55.97
63.67
66.2
61.27
69.48
76.37
82.2
90.25
94.38
87.44
70.98
64.72
54.29
41.46
50.93
72.79
95.34
102.35
79.7
66.69
73.68
71.05
57.02
43.29
36.06
46
60.3
75.22
87.19
86.86
88
75.47
59.36
55.57
46.96
43.67
55.23
61.24
54.46
43.23
44.59
47.48
61.1
64.82
55.77
62.22
55.06
71.02
91.37
115.42
115.7
107.11
93.82
61.63
45.98
32.76
37.82
40.73
33.42
32.08
33.82
45.57
53.95
59.42
68.43
75.88
77.75
80.93
72.92
65.59
64.71
60.79
78.55
107.77
110.87
106.33
87.85
80.96
66.94
61.48
58.26
51.31
67.92
67.77
67.73
68.85
73.2
84.46
96.96
95.54
88.67
88.54
92.22
89.67
91.17
83.62
85
77.7
74.29
70.21
76.38
76.28
69.04
78.11
84.18
85.85
89.6
80.61
79.36
83.05
95
85.04
46.18
34.53
35.19
27.85
23.48
20.42
20.55
19.99
21.18
18.63
29.41
43.09
48.95
45.84
45.04
42.92
53.11
67.55
73.99
83.09
97.28
95.16
79.88
76.38
75.68
84.59
103.43
103.41
99.27
92.94
92.9
80.32
83.63
67.81
67.88
64.39
61.99
62.5
58.64
64.04
78.8
78.88
86.88
83.97
70.01
50.7
30.81
17.35
17.55
18.19
17.08
15.88
20.38
24.93
28.57
34.54
42.34
44.21
44.15
39.25
38.37
60.63
83.69
87.3
89.07
91.06
98.37
87.1
83.81
83.11
85.4
86.83
80.54
77.67
74.74
75.06
76.98
79.6
92.95
94.25
83.12
75.02
62.61
68.47
69.58
76.05
89.53
97.25
95.12
91.67
85.15
65.17
32.9
19.92
14.52
14.75
15.01
15.68
16.96
15.78
15.71
17.29
25.4
54.3
77.86
81.08
64.84
68.3
62.2
62.13
59.9
66.76
68.75
89.47
92.28
89.52
72.44
65.12
61.43
64.01
60.03
66.07
74.64
76.08
77.9
90.26
100.24
104.57
117.83
119.71
114.49
76.16
34.5
17.99
16.23
16.97
18.68
30.74
46.76
49.39
44.23
54.96
68.62
84.84
82.8
95.56
106.29
95.11
96.55
92.19
100.17
101.7
100.5
102.07
109.83
118.17
119.16
63.36
44.37
37.71
37.36
39.66
52.61
53.75
59.61
62.99
72.39
81.12
234.8
234.8
273.48
164.34
101.5
84.6
84.6
91.02
116.04
129.74
130.95
127.25
115.33
110.37
95.97
92.1
92.33
84.32
85.93
86.15
87.94
86.68
85.31
86.99
88.41
85.73
79.97
72.32
69.7
78.44
82.19
85.45
92.63
88.92
90.45
87.42
84.11
87.26
84.87
84.88
88.37
90.68
94.56
96.31
99.42
97.55
98.51
86.18
89.44
89.13
87.64
84.34
83.26
84.8
84.02
90.99
83.72
81.44
80.51
83.93
83.36
86.69
86.71
84.91
84.75
87.88
86.06
56.43
32.69
25.06
18.26
18.28
14.41
13.99
13.28
16.71
31.35
49.41
65.33
64.3
42.48
29.96
21.23
28.09
31.12
36.63
36.1
42.06
44.31
43.19
39.82
41.71
43.02
42.6
41.53
46.69
49
51.83
45.87
45.87
46.83
47.5
48.88
45.88
51.63
49.28
52.4
50.59
49.71
46.48
50.19
55.85
74.49
126.32
274
358.74
361.15
227.99
115.43
80.43
65.06
49.86
51.04
52.63
56.88
60.61
57.36
53.58
52.02
53.66
55.22
50.16
55.6
53.77
50.23
63.43
61.93
68.62
74.18
73.86
71.51
79.77
80.9
96.85
92.76
51.5
47.77
54.15
50.45
32.78
23.5
28.33
31.12
28.68
31.67
39.75
36.56
36.56
37.21
35.8
36.56
27.96
26.3
19.97
17.92
17.92
16.51
21.94
32.54
47.7