98.36
97.57
98.41
85.92
83.16
82.56
83.12
84.26
86.29
80.95
79.07
75.31
69.3
69.16
69.03
64.95
78.95
82.36
80.27
78.87
66.38
58.63
59.16
52.86
54.32
53.27
52.34
58.01
55.38
55.18
55.09
58.89
56.51
57.27
58.42
58.99
59.99
62.66
60.46
60.85
63.8
63.82
66.97
69.67
70.72
85.75
89.58
87.45
84.45
71.4
70.13
70.92
68.34
76.04
89.18
86.72
73.95
59.22
70.19
71.73
75.15
75.28
46.04
46.04
26.73
36.5
52.24
61.32
56.15
55.07
64.81
87.83
88.06
75.07
65.29
74.26
73.01
64.61
40.57
30.41
22.91
24.62
25.02
27.77
37.24
65.59
87.34
79.54
79.63
75.6
52.75
45.65
51.75
53.57
60.94
71.14
85.69
73.63
66.27
81.99
93.29
105.48
100.58
76.2
72.8
72.87
72.37
78.74
79.41
83.27
85.55
87.65
85.37
82.87
81.99
78.95
72.05
71.81
57.61
54.12
53.58
61.12
61.73
62.92
66.91
66.22
62.81
60.15
53.38
54.04
55.65
56.33
55.76
56.24
52.72
58.18
58.55
58.18
58.5
59.23
57.02
56.18
61.06
68.79
71.58
79.53
80.39
79.08
78.83
78.07
83.28
76.44
39.3
28.1
28.38
27.36
30.42
32.31
33.19
37.18
37.32
39.77
45.45
69.72
78.06
78.18
78.8
73.13
66.19
67.14
66.86
67.83
66.01
63.89
62.15
63.38
62.83
62.75
59.66
67.99
67.75
76.63
78.56
69.82
63.21
56.18
60.86
67.52
68.79
76.18
74.5
63.06
40.97
35.02
30.28
27.63
28.84
34.92
46.06
60.36
79.94
81.32
80.39
77.93
75.73
66
74.79
64.77
62.9
64.65
63.61
79.7
80.43
78.5
67.3
64.18
55.59
61.6
59.33
63.11
62.47
69.97
71.32
71.32
72.08
72.65
69.38
63.68
63.96
61.06
68.77
69.94
68.94
68.13
69.83
69.72
79.64
83.41
85.63
88.6
81.3
81.46
67.06
63.21
62.1
59.12
53.43
55.43
50.01
54.96
56.29
57.56
59.71
59.88
62.44
65.13
60.4
63.4
65.4
60.44
71.83
78.1
82.34
85.94
71.56
69.26
65.79
58.76
60.11
62
61.56
58.39
62.03
58.92
62.43
63.32
64.42
63.11
63.11
68.73
68.82
63.27
63.95
73.72
70.47
78.62
81.91
77.68
74.51
66.9
26.06
20.73
18.4
20.07
20.85
24.51
37.82
79.36
78.41
70
67.67
67.38
70.08
72.4
70.73
65.14
52.05
30.56
25.47
25.34
31.3
45.23
53.09
53.66
48.3
47.58
44.54
45.57
49.17
58.97
78.86
100.24
97.94
94.67
78.63
97.99
130.86
167.9
191.7
149.65
75.83
66.28
69.44
69.67
72.32
72.26
66.6
66.67
67.49
69.17
67.63
74.65
69.34
67.71
69.85
72.99
72.73
71.24
65.18
76.51
72.51
73.66
72.96
66.05
75.61
68.69
67.49
71.32
69.16
72.18
67.16
72.36
76.08
75.85
72.11
73.8
71.57
71.38
72.44
74.87
76.01
76.11
76.47
70.18
71.13
74.62
75.04
71.03
79.47
76.72
75.01
19.52
28.87
29.43
29.4
31.05
35.29
32.75
35.61
36.27
36.51
35.86
33.77
28.53
29.12
29.54
29.95
29.36
34.62
32.74
38.04
39.18
39.55
37.83
35.09
38.17
37.4
36.2
38.73
36.86
38.24
36.1
38.5
35.87
37.2
39.89
40.73
41.81
44.47
43.87
47.4
48.75
53.77
65.61
79.98
115.6
201.75
242.75
238.02
215.23
168.12
124.8
102.74
102.74
81.37
70.46
67.29
67.61
68.63
68.45
73.25
73.21
76.24
52.57
32.84
25.16
25.16
26.22
65.36