74.9
83.8
86.97
84.43
78.51
73.88
71.61
69.86
69.25
68.29
68.5
73.65
92.68
107.22
132.81
151.94
154.37
153.77
132.29
102.28
77.82
67.52
61.32
58.69
54.36
52.75
51.96
54.01
54.16
54.27
55.84
57.43
58.22
58.88
60.6
62.57
66.19
78.95
84.77
80.83
66.48
63.09
62.7
63.45
66.94
77.94
81.4
80.74
76.45
74.99
75.21
75.05
62.14
46.66
29.68
18.97
17.66
18.02
20.47
26.7
33.18
42.67
51.37
54.26
56.67
57.35
62.93
66.49
64.2
58.09
55
55.97
58.81
67.1
77.82
115.71
145.34
195.89
191.22
177.59
151.13
116.51
58.47
56.71
64.91
74.3
85.32
97.02
94.31
88.35
87.22
85.82
85.68
86.5
88.5
88.84
83.21
71.5
67.33
61.32
55.48
51.6
47.71
48.07
49.41
66.1
76.15
92.92
100.69
101.16
97.59
87.35
72.1
64.79
62.31
56.83
52.34
48.52
54.95
61.02
66.93
70.41
73.06
75.05
76.58
79.26
80.34
80.13
76.51
74.52
73.2
69.51
64.97
65.21
65.7
65.24
63.2
61.71
60.3
58.7
56.18
55.11
54.51
55.3
55.56
54.92
54.92
55.63
57.6
60.83
62.86
67.48
74.05
77.79
76.99
75.9
74.27
73.43
64.68
50.6
39.67
31.96
42.29
48.33
48.4
48.41
46.41
44.36
39.15
36.7
36.01
37.9
40.44
43.51
44.73
52.29
57.68
55.66
51.65
48.58
52.53
63.83
73.93
82.15
79.86
75.71
70.41
59.72
61.47
65.24
66.26
68.21
69.24
71.23
76.47
83.52
82.88
76.99
68.71
66.49
66.67
68.68
67.26
38.21
23.03
16.09
15.38
15.34
15.83
16.39
17.2
20.17
24.31
24.49
24.54
23.16
22.98
23.48
25.9
25.9
32.16
34.86
38.53
40.07
45.45
54.42
82.13
95.72
100.54
101.09
97.01
89.65
87.36
84.42
83.16
82.81
85.11
86.75
87.27
85.02
79.75
78.3
81.07
79.27
73.93
65.23
61.78
62.11
62.58
64.56
67.07
68.49
74.44
78.97
80.06
67.48
52.5
31.71
25.1
23.57
25.17
31.3
37.3
43.05
49.95
56.08
58.25
61.71
66.63
71.55
78.54
82.48
77.48
74.35
67.76
62.93
58.85
57.92
61.42
61.98
62.63
62.94
65.85
68.59
74.99
79.04
79.86
79.11
79.11
73.93
56.13
30.61
18.45
19.36
26.23
31.45
39.85
55.71
65.46
68.77
73.83
76.77
77.06
75.99
70.48
64.69
53.18
27.76
24
20.94
20.62
19.31
18.91
17.04
15.6
14.28
13.53
17.33
22
27.28
34.55
35.39
35.46
37.16
42.1
59.72
83.87
61.49
29.36
32.62
33.41
37.19
39.56
44.16
56.62
68.42
87.91
90.81
88.5
92.21
89.56
78.51
78.51
80.19
85.11
86.97
84.85
80.37
74.4
74.77
75.13
74.23
73.64
74.34
74.26
73.78
73.38
72.69
73.82
77.1
78.49
78.59
78.57
76.44
74.66
74.76
75.86
77.96
78.82
79.34
79.17
76.21
73.41
70.99
72.14
70.4
67.2
67.15
66.51
66.45
67.8
69.34
72.24
75.96
79.36
81.47
78.28
75.1
75.6
77.08
78.66
79.17
79.34
80
79.37
77.67
75.52
21.76
18.63
22.29
26.95
32.25
33.61
35.08
33.38
30.61
29.09
29.88
34.23
39.19
43.79
51.07
49.55
42.49
48.45
54.59
56.75
48.11
41.37
40.62
43.16
46.73
51.04
54.56
53.58
50
46.51
41.43
40.19
42.42
61.67
87.35
105.98
130
165
120
105.14
100.12
123.09
165
172
145
105
85.77
58.49
47.01
44.86
45.57
48.45
55.62
68.54
77.15
81.46
80.74
83.61
84.33
79.48
62.88
41.04
33.99
30.81