106.813
100.938
94.375
89.813
91.563
87.188
84.188
84.625
90.313
91.563
85.625
74.188
65.875
63.625
65.375
65.813
64.5
65.313
67.063
70.25
72.125
79.563
80.563
75.813
65.625
57.25
59.625
62
68.438
71.063
71.188
70.938
66.813
69.875
73.188
81
82.188
82.063
77.375
74.75
73.688
76.25
73.938
75.5
77.938
85.75
81.875
75.125
73.375
79.938
89.5
85.813
75.563
60.156
55.938
55.063
58.844
55.906
54.781
56.375
65.125
67.813
64.938
58.5
61.313
80.563
104.438
116.5
110.875
109.313
108.313
111.688
100.063
100.063
95
80.563
63.031
43.813
33.625
29.656
26.719
22.641
20.953
22.562
24.406
24.875
25.078
24.422
27.781
29.734
39.656
48.75
52.406
50.188
54.906
68.063
79.813
88.5
85.188
74.188
74.188
55.406
47.875
58.219
79.25
93.125
94.25
84.875
77.125
70.563
61.813
62.188
62.563
74.5
84.625
94.25
101
97.75
90.063
79.625
73.813
77.438
72.625
69.813
65.438
65.875
67.25
67.875
75
80.938
86.75
92.125
95
98.625
97.5
92.813
72.375
48.281
27.25
19.875
16.906
18.391
21.719
25.75
26.438
28.031
28.875
33.031
34.469
36.875
38.688
42.625
42.031
37.5
33.281
38.594
52.688
63.938
74
79.813
91.25
98.25
98.625
86.5
77.313
71.938
75.75
83.563
93.813
99.5
90.813
79.813
73.313
67.625
68.063
67.625
73.688
79.5
82.5
78.75
60.25
37.125
20.75
14.414
14.117
15.938
16.797
18.25
18.813
22.641
28.969
30.5
28.75
23.406
20.359
16.828
19.484
23.141
26.719
26.688
25.75
32.906
55.469
81.375
98.563
102.375
102.188
101.25
102.875
103.25
100.688
95.063
89
89.125
83.063
76.563
73.25
79.438
89
85.5
80.5
73.375
74.75
69.063
68.375
68.313
76.813
89.875
92.75
84.875
58.375
37.969
21.266
17.641
15.586
15
13.617
16.25
18.781
23.219
28.328
45.063
65.125
83.938
82.563
75.5
66
67.313
71.5
81.25
90.375
92.813
87.125
77.563
73.375
73.438
75.25
76.938
80.188
88.5
98.5
107.125
108.75
94.563
66.813
38.781
21.016
17.484
16.234
16.672
20.172
26.953
37.594
41.188
43.531
42.594
54.031
69.5
74.625
63.75
49.469
47.656
49.375
48.031
43.25
35.844
28.859
22.609
22.188
22.266
30.328
35.313
46.313
56.594
64.938
65
66.438
80.5
93.313
103.125
114.25
131.625
141.75
129.5
120.25
106.625
105
97.438
97.688
105.875
135.625
164.25
168.375
137.875
98.188
79.188
76.188
88.25
102.75
107.563
110.938
104
98.563
91.125
93.125
101.938
107.313
112.563
110.375
113.5
107.938
103.5
100.25
94.5
94
91.188
89.938
86.5
77.938
76.813
77.688
77.563
78.563
76
80.688
82.125
84.5
86.688
87.25
87.375
87
97.375
100.563
102.625
93.75
94.938
81.125
58.188
32.969
20.969
14.461
13.609
13.25
19.219
19.641
24.266
26.141
29.594
32.938
36.844
44.188
50.625
57
57.469
48.531
40.469
32.813
38.563
46.906
54.594
51.219
40.688
34.406
31.297
36.469
38.906
41.906
38.719
38.125
41.969
45.031
47.125
57.75
68.375
77.313
66.313
61.406
62.438
80.875
96.5
120.188
165.625
219.375
247.5
216.75
166.625
119.063
96.563
78.188
78.188
70.75
61.5
56.813
52.281
48.438