32.78
23.5
28.33
31.12
28.68
31.67
39.75
36.56
36.56
37.21
35.8
36.56
36.084
29.344
19.462
19.552
20.653
23.371
31.453
37.844
43.313
41.906
35.063
32.531
30.906
32.188
34.281
40.844
52.281
48.125
49.406
42.688
41.438
37.219
38.656
43
42.531
41.188
38.25
39.219
40.938
38
37.938
35.156
36.094
37.063
41
42.031
43.344
40.906
40.531
39.5
42.281
46.063
47.063
45.719
42.406
41.594
44.531
49.25
59.594
74
127.5
185.25
222.5
74
18.297
26.609
26.609